222151846
226032981
217000177
223158690
223164267
222124113
222083697
224074784
217160141
217000215
225026333
219180301
223001384
224045482
224152671
218000324
224000012
226063070
218169213
225029022
226207056
225096366
225150018
226208982
223001392
223001406
224047248
211139785
222083700
224152688
226207064
220106894
225150026
224152696
226032991
217160263
222151854
222083719
218068883
223001414
219000999
226063291
224089171
226063313
223001422
221054928
219180598
223158704
224124498
221182667
226033007
223045993
222158727
223158712
224152701
225094967
226063550
222083727
226033015
224000020
225026341
220047601
220012040
221008012
220047618
220078904
223001430
222083735
222095458
223001449
224000047
223001457
222151862
221052471
226207072
222096586
219001634
220079889
222083743
221052496
221054960
200713221
222083751
221058001
211107867
226063951
223158720
226033023
226033031
220030804
223001465
225026351
221054979
216155576
225029359
223034657
223001473
221182683
223001481
218133413
226033041
225029421
221054987
226033058
224152718
219181187
225026368
224000055
226207080
226064425
226064451
223001503
219181225
219080070
225150042
226207099
223001538
220047669
223001546
222083786
214130551
215002016
226064530
223001554
221055010
215002105
223001562
226033074
222019441
223001511
222083761
224152726
224047817
223103853
223001521
5257085
210010959
222151889
222083778
225150069
224048538
222151897
221182721
224000063
221055037
225150077
225150085
226033082
225150093
223001570
222083808
224152734
220156166
211140457
222083816
221055045
222110767
219212732
224078615
223001589
221055053
218003315
224152742
226207102
224000081
222083824
226033090
226065049
226033104
224048023
222158735
224000098
226152642
226144674
221182731
223046401
220156174
222158743
222083832
218078110
226207110
219061440
219004129
223001597
225150107
223001600
222083859
226065189
226033120
225029812
222083867
222087536
224000101
225152347
223001619
200875299
225112061
220156182
226033139
222083875
224000111
220047723
220047731
223164623
225158248
224048198
222083883
225150115
220047741
223001627
226065405
226033147
212167332
221182756
219004994
222069600
224097474
212055534
222083891
217161596
224152750
224000128
224085808
219005184
226209040
225150123
225030047
218142080
221182780
223058416
219125686
224000136
222083905
224152769
221055088
225150131
222158761
212066412
221064109
219182132
226033155
223046582
222083913
225026376
216156671
219005801
218004990
221182799
222151900
218005148
225096897
222083921
222010681
226207129
223079790
224000144
222158778
216078083
225026384
222083931
221182810
226207137
225150141
221182837
216156823
224152777
221098976
224048678
218005660
225026392
221182845
222096594
226033163
225026406
221182853
223125717
222083948
221182861
226033171
223001651
219073661
222083956
226207145
221055126
222117451
221182871
219125805
223001661
221055134
220156212
220156220
224152785
225026414
220051054
211107956
222109637
224000152
226207153
226033201
224152793
226033211
224094394
224000160
219070342
200334891
225026422
222083964
225150158
226033228
220047804
223027197
224000179
226033236
221055193
219007233
211107964
223001678
223001686
224152807
223027200
225150166
226207161
226207171
225150174
225150182
220047820
224101943
226033198
225150190
220156247
226067084
222154251
225151308
221090606
221179100
225150204
224000187
221182888
215005791
225150212
223001694
225026430
221182896
223001708
222083980
221182918
211002798
226207188
226033244
219008000
220047855
223158755
217183948
223001716
223001724
225026449
225150220
219214824
219008183
219183211
223001759
218007663
221053026
226033252
217007392
223001767
225030977
226207196
222083999
226033260
222084006
212168411
225097291
223164313
225023121
211080594
225026457
221055258
221192999
225026465
221055266
221055274
226067718
223001775
225150239
221058567
225150247
216180600
224000195
223171085
216157676
224152823
220047881
222084022
219009058
223001783
222053283
221055290
223001491
225150255
226207201
221182942
226068153
226068171
224000217
220057060
222170190
218008724
225026473
225026481
223001791
226033279
226033287
219009635
222096616
219009661
224000225
222053356
222096624
226207218
226033295
220047936
225031434
225026491
218069863
218009313
226068609
226207226
223164321
220047944
223001805
219009902
223001813
224152831
226207234
222027241
226207242
220156298
226033317
224000233
211108057
220156301
226033325
224152841
219010277
221055339
226033333
223001732
223158763
223001821
226033341
220156311
217009328
219124868
225150271
218009925
223001848
225070219
216061628
213069318
226033351
220047960
226033368
225065691
225026511
226033376
224000241
219184445
225150281
226033384
219184471
226033392
221055347
225151316
224152866
225026521
223027227
221055363
224000251
220047987
225150298
222151943
225026538
223001872
226209148
218010680
223001880
224000268
226069710
226143491
226033406
218010893
222151951
220026076
219120447
225026546
222084065
226207250
221055371
222110627
221064761
224152874
221055381
225150301
223001899
226207269
225150311
226033414
222160551
223001910
225026554
223001902
217164129
220156328
226033422
219012210
225026562
225026570
217164201
217010903
222084073
224000276
200914138
223027235
224152882
226207277
225026589
226070336
226207285
223081817
221055436
226207293
226207307
225150328
221183043
223001937
224152890
226207315
220156352
224000284
222150319
224000292
223126004
221069895
222151961
226033449
220048029
220048037
221183051
222084081
220048045
224050761
224000306
224152904
220048053
225026597
219185522
224000314
213073048
220026300
225026600
226207323
226033457
218013299
220048061
222051973
223001953
223090247
223069361
224000322
220156379
225150336
224090224
223027243
224000330
221055487
215104854
223047635
225150344
224094491
217165060
220156387
200765450
222084091
221183061
222096632
222084103
223001961
225026619
219014027
219062471
226033465
221055525
200373978
222084111
214062341
222084121
222084138
226207331
222084146
225150352
219014345
226209271
226033481
226033491
223027261
224152912
220051372
225161168
224000349
225026627
224000357
220156395
222151986
226033503
225026635
220032416
223001971
226207341
224000373
222084162
225150360
224155611
225027283
226033511
222151994
223171115
226207358
218014872
226033521
225032899
225026643
226072347
220156409
224152920
222053976
225026651
222084170
218168934
221055551
222084189
221187881
225026661
221183086
224000381
220048150
221055584
226033538
225033046
226207366
221009787
223158771
225026686
223027278
223158781
223001996
223002003
224014714
224152939
223002011
224051741
225026694
225150379
221055614
226207374
222084200
211057282
221055630
223002021
222084219
225026708
226207382
224097873
225150395
224152947
226207390
224093908
226207404
225151332
225026716
223002038
222152001
222054115
221055649
220048258
222152011
223164331
223027286
223080209
222084235
223002046
222158816
224000403
226207412
215013451
219070865
223002054
225033461
225150409
200919903
223002062
224164074
226221806
226073718
223054763
217016022
224000421
224152955
226104133
224000438
222096640
211108154
225026732
219017417
224000446
223158798
222096667
213078491
225026740
223002070
220156433
220048290
226033554
222084243
219017824
221055691
220128881
216160553
222152028
222054239
226207420
222096675
223002089
224052500
223002097
226074250
224152963
226207439
226033562
222152036
223002100
226033570
225150417
225059721
226074481
220048312
220048320
224152971
223002127
224080156
226033589
223002135
222084251
222084261
224000470
225150425
219074895
225026759
221055746
224000489
221183132
226131361
226074722
216017610
226033597
226207447
216017637
223002143
215005279
226207455
224052861
225150433
224027360
219187851
223002151
226033600
220156451
200622242
226207463
226207471
222084278
226131386
225026767
225026775
225026783
213080923
220156468
219065349
221055762
224152981
222122161
225150441
221183167
223087661
220171343
225150451
225150468
226033619
226207481
222084286
225026791
225114429
226209377
216018803
224000500
226033627
218019483
222084294
223002161
225026805
225026813
225026821
223027294
224152998
222079487
218166990
224153013
223171131
224156764
225150476
223096601
226207498
226075532
226033635
223027308
224000519
222054549
215015851
224000527
225026831
215079558
216161363
215112865
226104621
224000535
225026848
226033643
226207501
225150484
226156052
221055797
226033651
222084324
221183191
225168855
222152044
220048371
222158832
219020655
226207511
221071350
226033661
225034530
215016114
214010015
217019005
225026856
219188599
222117680
225150492
223002178
223002186
222071516
225010011
225026864
222109858
224153021
221055843
224000543
222084340
221071441
222084359
225026872
225112213
221055878
222096691
226033678
214040021
220104662
225151359
222084367
209057017
226033686
225150506
220048398
224000551
219188912
221055886
226207528
219188939
226207536
221055894
223002194
224153056
226033694
224053620
224153064
222094222
221055908
215156188
221055916
221055924
221055932
225125943
220048401
218149166
222096705
224000561
225150514
224094564
223158801
225106231
222152052
222095415
224053779
225150522
211145289
222084383
223002208
223002216
224153072
223002224
226033708
225151367
226033716
224080423
219189201
226207544
226076751
218149281
224153080
223002232
225151375
224000578
224102451
223002240
224053892
225026880
221055967
224153099
226033724
226077039
222152095
226207552
221055983
225151383
221055959
226077111
224155636
224155644
222084391
225026902
224076213
220156492
226207560
224053965
226077251
226207579
225026910
224000586
216021881
224153110
222158867
224153129
224153137
226077489
224153145
221054286
224000594
226077527
226207587
222084405
225150530
219189625
224000608
226033732
223164348
224000616
221056051
222152109
225026929
223002283
218023081
223002291
223002305
200926977
218149867
226033740
223002313
207025010
218149948
219189791
226077926
225151391
217168833
214143295
223002321
222154543
226033759
219189927
224153153
216162688
220104743
220156522
224155652
222084413
220104761
226033767
226207595
222084421
226207609
222084431
218135017
216162858
210043687
222152125
221056076
218024266
224000624
224153161
223027324
223002348
226033783
222079924
223002356
223017728
224153171
219024669
220001456
223002364
219071160
214063151
221056084
219190275
221183280
222079967
226033791
226033805
219190313
226033813
218155492
219024863
219024881
226207617
225026945
220156565
220156573
212136380
223002372
226207625
226033821
221056106
218025033
221183302
220048479
226033848
221056122
223158828
224000640
222072091
222067829
219025509
219025517
226033856
218025416
218025432
223002380
224153196
224153201
223158836
218025548
226079198
226207633
223002399
224153218
225035936
226033864
222158883
224073941
221183329
225036002
225028336
215020316
225026953
226033872
226207641
220048509
222152151
224054805
225159309
223002402
225083140
226207651
220048517
221183337
224000667
225150557
207046931
222055332
226207668
226207676
220060177
223002410
212199730
220156611
220156621
219191166
225150565
224000675
226033880
220156646
220156654
221066330
215070283
226033902
226033910
219191298
223002437
220048541
223027359
226033929
225036258
223002445
221019340
226080005
223002453
224153226
220074194
225150581
220156670
226080072
218165064
224098136
225026971
219191409
226033937
226033945
223002461
225150591
223002471
222084464
225150603
224076531
220156697
224000683
226033953
225150611
224000691
224000705
221192425
225150621
225026988
226080595
223002488
223002496
221056221
226033971
225026996
224153234
211059889
213092921
223002501
222152184
219028249
225151405
226033988
221183388
225036673
221056246
226033996
212040650
226034003
223158844
221056254
214143538
224055461
226080791
224129309
226080803
225027003
223164364
226207684
219191891
225129892
222084472
225027011
222036656
224153242
225027021
207042373
226080994
226207692
226081028
225150638
222158905
226034011
226034021
226081151
224153250
224055674
225027038
226207706
226034038
226081249
223069922
225036835
225027046
218029136
226207714
226081311
220048584
213094169
226034046
216132819
225027054
222084499
223164372
222084502
226207722
211108510
220048614
222084510
221056300
217027490
226081583
225027062
222152192
226207730
220107564
223049506
222096748
223002526
226081664
221113517
200828886
221066721
222084529
222158913
222158921
226034054
222084537
222002182
221066756
223027375
225037106
220048657
222152206
220156743
226207749
222084545
226034062
223027383
220048673
226034070
221056361
223002534
223002542
225150654
224153269
223002550
212104772
222096756
223002569
220156751
225027070
226207757
225027089
221056378
226034097
226207765
222084561
225072793
225112388
225072815
226082547
223158860
220105243
222084571
226207773
222152214
221135448
226207781
224056468
221056386
222096772
225027097
226034100
222072891
222160535
226207791
218031564
221183442
222084588
223164380
220156761
224000748
226034119
222158948
225150662
220048681
222084596
225150670
224153277
224153285
219031916
221183450
221042555
225150689
224000756
226034127
219032033
224000764
223049808
225027100
224000772
226083251
224155660
224155679
225116464
217071678
225027119
223027391
221012028
226034135
223118249
219032361
226034143
211148490
225027127
221183477
217030319
222084601
218073003
225150697
217030361
218173474
223002615
225150700
222084618
224000780
224036068
222084626
226034151
223171522
223171530
225037874
226207803
222084634
226207811
225073110
222046457
221056505
211011444
217172709
222084642
224153293
224000799
223152099
226034161
225073145
222084650
220048746
223027405
223002623
226084132
226034178
220048754
223158887
226034186
224057146
222158956
224000802
221006443
226034194
226124843
210114231
221059652
220156794
221183485
226207821
217071899
222152222
221056548
224091697
218033869
226207838
225027143
220156808
226207846
226207854
222084685
222043369
223027413
222158964
223158895
222084693
215159985
219034214
226207862
223002658
218154399
222084707
223002666
225150719
223158909
224000810
225027151
226207870
222084715
226034208
222114622
222084731
221056564
226207889
221174451
225027161
222084741
220048800
221056599
224057510
225027178
220107718
226207897
222084758
222084766
226085163
221056602
223027431
221183515
220075417
224153315
226034216
225151413
225027186
220079277
226207900
226207919
225150727
224124404
224000837
225038528
222152249
221183531
226085597
223002674
225150735
224000845
217033393
225027194
226034232
226221792
226034240
221113797
220048843
221056629
224057741
221056637
221056645
224000853
226034259
226085783
216072425
225151421
223027448
222084774
226085880
221183434
222152257
222084790
226034267
214150070
224000861
223158917
224000871
222096802
226034275
226034283
224000888
223002712
226034291
217034098
223027456
222084804
223070254
226207927
223002720
224153323
222158980
204024730
226034305
221195882
223027464
226207935
222056479
223027472
222084812
224098365
221183541
221056688
219036969
221056696
224000896
224155695
225027208
223158925
223002747
219195676
226010732
223002755
225124653
226207943
223027480
223164399
225150743
226207951
223002763
225039001
226034313
226034321
219037507
226086801
224032399
223002771
225027216
221012745
224002686
219195811
222084820
224155709
221183574
222096810
226034331
222152273
222084847
223158933
220154562
217174477
226034348
210115254
225027224
224058215
225027232
221056742
218097964
221179348
225027240
223002798
226087166
200741365
226087190
223056405
226207961
222152291
222084871
225027259
218156103
221183612
225151431
226087506
226207978
223002801
226034356
225027267
224153331
222084881
222084898
219038481
221183620
220048940
226034364
215161262
226034372
218136609
225027275
226209601
221067744
219071853
218156431
226034380
221056777
225150751
220048959
224155717
212199803
224153341
221056793
224002724
226034399
224023845
224153358
224155725
220042209
225039427
219065047
220035067
220079323
213106264
226034402
224002732
226034410
222159006
221082239
225112477
221056815
226087999
225150761
223002811
219071871
220049009
226088091
226034429
224002740
225039567
226034437
221183639
213106884
219196826
221183647
218039433
224002759
223027510
221183655
226088316
222084901
221056831
226034445
212179233
221056866
223002836
220105693
222096829
208059377
222092882
223164402
223002844
223027529
225150786
223158951
224092146
223164410
221056882
226034453
224002767
222159014
223002852
222084911
217175325
226159396
224002775
222084928
223027537
224002783
223002860
219077231
220156867
221183671
226207986
221084101
221113967
223002879
226089320
221056904
219040291
223002887
223164429
224002791
224153374
224002805
220028257
223155357
219197210
221056955
222084944
222049669
224002813
221183698
221056963
226207994
221183701
222089271
220049033
224098489
223050636
226208001
226034471
222084952
223155381
223002895
223002909
225150808
226034488
224155733
226034496
226034501
224002821
225027291
219041091
226034518
226089304
225111942
222084960
221185089
225150816
218157495
226208011
222156619
223002917
221057013
220052514
221135553
222112697
213153289
225151448
225150824
222096845
220156875
224002831
219041687
220049068
226089738
222084995
225027313
225057573
224002848
225027321
220099103
226208028
213109980
220049076
226208036
224002856
224153382
222152321
226089908
226034526
223002925
225150832
222084987
220049092
226034534
220049106
223002933
223155489
221114122
226034542
221088016
224153390
226208052
226208060
222085029
223039322
222085010
213049791
225027331
226034550
221057031
224068903
219042764
224002864
223158968
222085037
226034569
226208079
223002941
220049114
218042957
217176534
223002951
221057056
222085045
223002968
225027348
225151464
226208087
225150840
226208095
225027356
224002880
222085061
217073603
223002976
223002984
224153404
225027364
226208109
226208117
226208125
213050196
225150867
225027372
223002992
216073642
225027380
226208133
221057080
220049157
219043914
222057300
226091287
222085071
223003018
220156913
226208141
221057110
222085088
225027399
222152338
224153412
223003026
226034577
212180800
226208151
223003034
224002899
226208168
225027402
226159612
225150875
224002902
225027410
224096044
221183744
225027429
200647954
221183752
226208176
200437712
225150883
225027437
220028621
225027445
219126046
226034585
223003042
224002910
226034593
218074743
213196700
222096853
222085118
220091064
221114191
215163087
223067474
221057171
225041375
224153420
225041391
226208184
226034607
224060554
226208192
225150891
222085126
226092046
223027545
223003050
224002929
224153439
224002937
225150905
222057467
222152354
224002945
212181262
218083432
221057188
221183779
220015538
222085134
225150913
214052516
223057096
225027453
226092402
226092437
221057196
222085150
216169143
226092501
221183787
223003077
223003085
226161692
226208206
226034615
224094912
218046162
218046189
224153447
212069357
223112771
225150921
218159412
226092747
221057226
226092781
223003093
223003107
223003115
225150931
222152370
226034623
221057242
219046271
222159030
223003123
221057250
215036344
222085177
222152389
226208214
225150948
226034631
222152397
225027461
226034641
221057269
223003131
220156956
226034658
220028753
226208222
226034666
221075003
225150956
213051291
225150964
221057277
222085193
223003141
223003158
225027471
223033081
217074189
226034674
221183809
225150972
223158984
210023023
226208230
226208249
223158992
223027571
220077193
226034682
219047189
226208257
223003166
224153455
225151480
219047324
221057331
222085223
222089571
226034690
226093506
222074851
225003007
223003182
226034704
223003190
223159001
226093573
223003204
225150980
223159018
226034712
222085231
223003212
223164461
226034720
224002961
226093735
226093778
225027488
222029676
218083769
223164471
222152400
226034739
221057341
225027501
225151499
213118203
226208265
223003220
221183841
223003239
221183851
226034747
226034755
225027518
223079030
220049254
225150999
226034763
226034771
213118696
217064442
223164488
219124892
222152419
226034781
226208273
213118882
226034798
223027596
220156999
221051503
223003247
220049270
225027526
218160437
225151006
221057366
220049297
224061641
223027601
220157006
222152427
225027534
224002971
219123020
225027542
226034801
226208281
223003271
220079455
222085241
223003281
223003298
225151014
224002988
215038924
225151022
225027550
226034811
220049327
223003301
222152435
222085258
220049335
222085266
222085274
226208291
223003311
226208303
217179452
225075199
226034828
221057404
222085282
224002996
222085290
222085304
225042738
223003328
225151502
226095398
220049361
226208311
226208321
224003003
223003336
222085312
224003011
224153471
225151049
225042886
221181660
226208338
226095622
225151057
223003344
224008633
220157014
224003021
226095691
226034836
223003352
226095762
222085339
218050550
223003360
225111675
224003038
222089652
219201412
223164501
221075410
213052636
221183892
223027626
226208346
223003379
224003046
224003054
224062409
226208354
226208362
226208370
218051042
222159049
225151065
217048927
226034852
221183906
218161271
211072818
219051690
224153481
226034860
225126788
221007431
219201641
220068951
223111899
224153498
219201684
221057447
220049424
224003062
221057455
221183922
226034879
220157030
217077730
226096424
220157049
226034887
223003387
226034895
224110020
225151073
219201811
216170915
221192034
214055795
224003070
222152443
222085347
226096564
223003417
226096645
225151081
225151091
223052124
225027569
222085355
218084307
224125753
225151103
216183898
226034909
224153501
224095048
222085363
225111772
226096971
223164518
218161875
218052741
225027577
216075106
226034925
222082909
224003097
222159057
222085371
223157147
211109096
211154695
226097420
226034933
222096926
223164534
226208389
216188369
222085381
221075641
223003425
218162154
222159065
220049491
218162189
226034941
226034951
221057528
222159073
225027593
224003119
226034968
222085398
222118210
226208397
221057536
218162340
225043971
223003433
224153528
226034976
220049521
225151121
224153536
226034984
225027607
226098001
220157081
223159050
222085411
222085428
219054452
219054460
220049548
225116928
226034992
223159069
222085436
224011847
226035001
214108635
222152451
223003451
217051561
223027634
223003468
220106525
225027615
224063359
223027642
221057579
220049572
224003143
223003476
222096942
224003151
225027623
226035018
221057587
223003484
218162731
225062534
222085444
224003161
224047159
214139263
217121421
221046062
226208400
216066042
220173265
226208419
222085452
221183949
223164550
223027669
226035026
221183957
222085479
226035034
226208435
226035042
221183965
223071455
221057609
226035050
226208443
220157111
226098941
219203288
225151146
221057625
226098990
218055676
223003506
225027631
222085487
226208451
225151154
222085495
226099059
225044455
226099083
225151162
220036918
223027677
222159081
214139425
212086332
223027685
226208461
224153552
221057668
226208478
225027641
225151189
222159103
226099385
222085517
223003514
225151197
223003522
226035069
221057684
224153560
224003186
226099458
226035077
226208486
226208494
225151200
226208508
222152461
222085525
226035085
212022946
224155768
221057692
225044803
226159671
224003194
223027693
224098993
226099652
221075992
226208516
224003208
219057419
222085533
223159077
225069016
222159121
226035093
219079005
216066263
221183981
224064241
226099849
221183991
221080759
225027658
222085541
223003549
221179550
226141683
220053200
223027707
226035107
225045011
226160238
226100006
222085551
225151529
221184007
224003216
226035115
226100049
226035123
226208524
224093347
220157154
226159388
226208532
217182275
226208540
226208559
224155776
224153579
225151219
226208567
226208575
225045125
226208583
224003224
225027666
226208591
222085576
223003557
224003232
222076186
225151227
224003240
226035131
221057730
225076039
226141713
225027674
226035141
223164577
225027682
223003573
226208605
219058751
226035158
221184015
226208613
218164122
224155784
220049750
221184031
223152031
222085592
220049769
223027715
224155792
219058970
221114912
223003581
224125133
225045230
221076212
223164585
220157170
222085606
221057757
223003591
225151235
225045303
225151243
224003259
221057765
226100952
223058076
225027704
222152478
222152486
221007830
220157189
222085622
223159093
223003603
221057781
221057791
226035166
226101193
225027712
224153587
225151251
226208621
223003611
220049785
222058986
222167289
222085630
222085649
222085657
224003267
225151261
221057803
224003275
221057811
221184041
224003283
223003621
223003638
226208631
224003291
222085665
225151537
223003646
218164866
220049807
219205043
223003654
223003662
222085673
222156988
219060762
221057862
225151545
226208648
221184058
221057870
224153609
225151286
220065772
223003689
225027720
213133482
225027739
225151294
225027747
226035174
